     0/299     8.25G      7.36      77.3         0      84.6        23       512         0         0  8.75e-05         0      7.37      8.59         0
     1/299     8.25G      6.44      6.09         0      12.5        19       512         0         0  9.86e-05         0      7.49      2.14         0
     2/299     8.25G      6.08      2.75         0      8.83        10       512         0         0   0.00069         0      7.32      2.09         0
     3/299     8.25G      6.02      3.18         0       9.2        18       512         0         0         0         0      7.11      2.39         0
     4/299     8.25G         5      3.38         0      8.37        21       512         0         0         0         0      7.15      2.81         0
     5/299     8.25G       4.6      3.44         0      8.04        12       512         0         0         0         0       7.2       2.7         0
     6/299     8.25G      4.92      3.89         0      8.81        20       512         0         0  7.38e-05         0      7.79      4.18         0
     7/299     8.25G      4.86      3.37         0      8.23        15       512         1   0.00595    0.0179    0.0118      8.07      4.11         0
     8/299     8.25G       5.1      3.16         0      8.26        16       512         0         0  1.82e-07         0      9.77       121         0
     9/299     8.25G      4.86      3.06         0      7.92        18       512    0.0185    0.0417   0.00204    0.0256      8.02      2.57         0
    10/299     8.25G      4.41      2.33         0      6.74        14       512    0.0198     0.107   0.00667    0.0335      7.16      3.27         0
    11/299     8.25G      4.37      2.08         0      6.45        18       512    0.0114     0.119    0.0029    0.0208      7.97      5.82         0
    12/299     8.25G      4.55      1.81         0      6.36        14       512     0.023     0.339    0.0146     0.043       7.5      10.6         0
    13/299     8.25G      4.64      1.85         0      6.49        16       512     0.125     0.376     0.137     0.187      6.47      1.76         0
    14/299     8.25G      4.56      1.83         0      6.38        24       512     0.145     0.411     0.205     0.215      5.96      1.92         0
    15/299     8.25G      4.27      1.63         0       5.9        18       512     0.174     0.407     0.236     0.243      5.95       1.9         0
    16/299     8.25G      3.57       1.6         0      5.16        17       512     0.151     0.357     0.198     0.212      6.81      2.25         0
    17/299     8.25G      4.29      1.55         0      5.84        16       512     0.277     0.351     0.235      0.31      6.16      1.58         0
    18/299     8.25G      4.55      1.39         0      5.95        15       512     0.199     0.494      0.23     0.283      5.51      1.34         0
    19/299     8.25G      3.79      1.49         0      5.28        15       512     0.325     0.479     0.294     0.387      5.13      1.14         0
    20/299     8.25G      3.85       1.4         0      5.25        21       512       0.5     0.417     0.323     0.454      5.14      1.21         0
    21/299     8.25G      3.52      1.36         0      4.88        16       512      0.43     0.414      0.31     0.422      5.05      1.09         0
    22/299     8.25G      3.96      1.27         0      5.23        18       512     0.401     0.446     0.341     0.423      5.08     0.999         0
    23/299     8.25G       3.5      1.27         0      4.78        11       512     0.493     0.518     0.442     0.505      4.74     0.875         0
    24/299     8.25G      3.98      1.26         0      5.24        20       512     0.398     0.595     0.426     0.477      4.61     0.781         0
    25/299     8.25G      3.11      1.27         0      4.38        17       512     0.361     0.593     0.425     0.449      4.69     0.776         0
    26/299     8.25G      3.68      1.35         0      5.03        16       512      0.58     0.543     0.505     0.561      4.66     0.746         0
    27/299     8.25G      3.76      1.15         0       4.9        17       512     0.794     0.446     0.494     0.572      4.22     0.813         0
    28/299     8.25G      3.47       1.2         0      4.67        12       512     0.692     0.481     0.481     0.567      4.51     0.833         0
    29/299     8.25G      3.69      1.09         0      4.78        16       512     0.365     0.524     0.326      0.43      4.66     0.801         0
    30/299     8.25G      3.08      1.12         0       4.2        20       512     0.505     0.431     0.383     0.465      4.54     0.764         0
    31/299     8.25G      3.06       1.2         0      4.26        12       512      0.77     0.524     0.562     0.624      4.55     0.642         0
    32/299     8.25G      2.92      1.04         0      3.96        18       512     0.714     0.536     0.561     0.612      4.25     0.638         0
    33/299     8.25G      3.32      1.13         0      4.44        13       512     0.572     0.571     0.508     0.572      4.57     0.609         0
    34/299     8.25G      3.54      1.08         0      4.63        12       512     0.624      0.56      0.51      0.59      4.78     0.633         0
    35/299     8.25G      3.53      1.13         0      4.67        22       512     0.743      0.56     0.597     0.639      4.08      0.64         0
    36/299     8.25G      2.79      1.01         0       3.8        13       512     0.629     0.555     0.519      0.59      4.41     0.601         0
    37/299     8.25G       3.5      1.19         0      4.69        14       512     0.539     0.524     0.445     0.531       4.6     0.626         0
    38/299     8.25G      2.95     0.895         0      3.84        15       512     0.841      0.44     0.562     0.578      4.19      0.72         0
    39/299     8.25G      3.18     0.993         0      4.17        14       512     0.649     0.476     0.464     0.549       4.6     0.683         0
    40/299     8.25G      3.43     0.925         0      4.36        17       512     0.661     0.506     0.512     0.573      4.36     0.653         0
    41/299     8.25G      3.49      1.05         0      4.54        16       512     0.782      0.47     0.523     0.587      4.51     0.687         0
    42/299     8.25G      2.89      1.06         0      3.95        24       512     0.701     0.583       0.6     0.637      4.36     0.631         0
    43/299     8.25G      3.01     0.964         0      3.97        22       512     0.846     0.555     0.624      0.67      4.16      0.66         0
    44/299     8.25G      2.74      1.02         0      3.76        19       512     0.805      0.53     0.549     0.639      4.46     0.661         0
    45/299     8.25G      3.21     0.995         0      4.21        21       512     0.815       0.5     0.552      0.62      4.46     0.682         0
    46/299     8.25G      3.09      1.02         0      4.11        17       512     0.697     0.589     0.556     0.638      4.11     0.646         0
    47/299     8.25G      3.07     0.888         0      3.96        16       512      0.69      0.53      0.52     0.599      4.27      0.66         0
    48/299     8.25G      2.92     0.845         0      3.77        10       512     0.751     0.521      0.51     0.616      4.24     0.695         0
    49/299     8.25G      2.76     0.927         0      3.69        22       512     0.705      0.44     0.489     0.542      4.25     0.667         0
    50/299     8.25G      3.33     0.928         0      4.26        14       512      0.92     0.412     0.567     0.569      3.87     0.788         0
    51/299     8.25G      2.72     0.994         0      3.71        19       512     0.754     0.474     0.569     0.582      3.96     0.662         0
    52/299     8.25G      3.16     0.824         0      3.99        21       512     0.695     0.458     0.546     0.552      4.17     0.676         0
    53/299     8.25G      2.73      1.01         0      3.74        14       512     0.857     0.462     0.638       0.6      3.89     0.641         0
    54/299     8.25G      2.73     0.813         0      3.55        15       512     0.768      0.56     0.616     0.647      3.92     0.603         0
    55/299     8.25G      3.12     0.869         0      3.98        18       512     0.846     0.491     0.612     0.621      3.88     0.628         0
    56/299     8.25G      3.19     0.834         0      4.02        16       512     0.833     0.536     0.664     0.652      3.81     0.575         0
    57/299     8.25G      2.61     0.889         0       3.5        15       512     0.837     0.582     0.667     0.687      3.96     0.557         0
    58/299     8.25G      3.17     0.949         0      4.12        18       512     0.832     0.588     0.654     0.689      3.94     0.559         0
    59/299     8.25G      2.99     0.811         0      3.81        17       512     0.883     0.586     0.706     0.705      3.85     0.573         0
    60/299     8.25G      2.61     0.839         0      3.45        21       512     0.882      0.53     0.651     0.662      3.68     0.599         0
    61/299     8.25G       2.7      0.84         0      3.54        19       512     0.863     0.489     0.617     0.625      4.05     0.616         0
    62/299     8.25G      2.32     0.839         0      3.16        24       512     0.711     0.587     0.591     0.643      4.07     0.576         0
    63/299     8.25G      2.69     0.862         0      3.55        13       512     0.781     0.589     0.644     0.672      4.25     0.549         0
    64/299     8.25G       2.3     0.759         0      3.06        17       512     0.789     0.533     0.648     0.636      3.93     0.562         0
    65/299     8.25G      2.33     0.877         0       3.2        14       512      0.88     0.542     0.666     0.671      3.92     0.567         0
    66/299     8.25G      2.53     0.765         0      3.29        20       512     0.882     0.491      0.66     0.631      3.84     0.611         0
    67/299     8.25G      2.47     0.848         0      3.32        18       512      0.85     0.512     0.636     0.639      3.91     0.592         0
    68/299     8.25G      2.63     0.878         0      3.51        15       512     0.876     0.512     0.625     0.646       3.9     0.586         0
    69/299     8.25G      2.81     0.868         0      3.68        26       512     0.891     0.486     0.655     0.629      3.68      0.58         0
    70/299     8.25G      2.42     0.725         0      3.15        17       512     0.873     0.542     0.637     0.669      3.83     0.589         0
    71/299     8.25G      2.62     0.876         0      3.49        20       512     0.893     0.547     0.681     0.678      3.88     0.578         0
    72/299     8.25G      2.54     0.807         0      3.35        19       512     0.914     0.565     0.708     0.699      3.78     0.546         0
    73/299     8.25G      2.76      0.77         0      3.53        18       512     0.857     0.607     0.665      0.71      3.95      0.55         0
    74/299     8.25G      2.42     0.765         0      3.19        15       512     0.872     0.601     0.685     0.712      3.61     0.528         0
    75/299     8.25G      2.11     0.652         0      2.76        13       512     0.836     0.606     0.638     0.703       3.6     0.526         0
    76/299     8.25G      2.17     0.837         0      3.01        15       512     0.872     0.565     0.668     0.686      3.64     0.583         0
    77/299     8.25G      2.27     0.708         0      2.97        14       512      0.89     0.575     0.696     0.698      3.44     0.581         0
    78/299     8.25G      2.27     0.773         0      3.04        16       512     0.861     0.553     0.647     0.674      3.55     0.599         0
    79/299     8.25G      2.58     0.774         0      3.35        24       512     0.848     0.536     0.622     0.656      3.68     0.617         0
    80/299     8.25G      2.63     0.707         0      3.33        22       512     0.896     0.514      0.64     0.653      3.84     0.622         0
    81/299     8.25G      2.15     0.713         0      2.86        11       512      0.85     0.542      0.64     0.662      3.93     0.612         0
    82/299     8.25G      2.36     0.716         0      3.08        19       512     0.902     0.546     0.652      0.68      3.62      0.61         0
    83/299     8.25G      2.37     0.818         0      3.19        20       512     0.896     0.566     0.674     0.694      3.66     0.595         0
    84/299     8.25G       2.2     0.723         0      2.92        22       512     0.899     0.634     0.703     0.744      3.58     0.523         0
    85/299     8.25G      2.06     0.747         0      2.81        15       512     0.833     0.619     0.683      0.71      3.56     0.508         0
    86/299     8.25G      2.45     0.761         0      3.21        10       512     0.848     0.662     0.703     0.744      3.56     0.526         0
    87/299     8.25G      2.14     0.768         0      2.91        14       512     0.825     0.643     0.689     0.723      3.38     0.516         0
    88/299     8.25G      2.28     0.765         0      3.04        15       512     0.861     0.631     0.716     0.728      3.46     0.496         0
    89/299     8.25G      2.64      0.71         0      3.35        17       512     0.856     0.595     0.689     0.702      3.55      0.52         0
    90/299     8.25G      2.23     0.775         0         3        21       512     0.865     0.589     0.645     0.701      3.63     0.512         0
    91/299     8.25G      2.26     0.685         0      2.95        25       512     0.881     0.575      0.68     0.696      3.52     0.525         0
    92/299     8.25G      1.86     0.641         0       2.5        17       512     0.838     0.542      0.62     0.658      3.82     0.484         0
    93/299     8.25G      2.53     0.668         0       3.2        16       512     0.831     0.528     0.612     0.646      3.71     0.484         0
    94/299     8.25G      2.84     0.786         0      3.63        24       512     0.882     0.625     0.705     0.732      3.52     0.481         0
    95/299     8.25G      2.24     0.709         0      2.95        11       512      0.89     0.627     0.717     0.736      3.67      0.47         0
    96/299     8.25G      1.98      0.66         0      2.64        12       512     0.886     0.602     0.716     0.717      3.49     0.487         0
    97/299     8.25G      1.94     0.639         0      2.58        13       512     0.896     0.601     0.709      0.72      3.61     0.505         0
    98/299     8.25G       2.2     0.704         0      2.91        11       512      0.86     0.613     0.705     0.716      3.65     0.492         0
    99/299     8.25G      1.99     0.679         0      2.67        20       512      0.87     0.598     0.698     0.709      3.73      0.48         0
   100/299     8.25G      2.18     0.641         0      2.82        16       512     0.882     0.577     0.687     0.698      3.83     0.494         0
   101/299     8.25G      1.91     0.716         0      2.63        14       512     0.913     0.565     0.666     0.698      3.85     0.497         0
   102/299     8.25G      2.33     0.623         0      2.95        12       512     0.862     0.558     0.628     0.677      3.89     0.498         0
   103/299     8.25G      2.13      0.67         0       2.8        22       512     0.805     0.539     0.581     0.646      4.08     0.501         0
   104/299     8.25G       2.1     0.643         0      2.75        13       512     0.874     0.589      0.69     0.704      3.48     0.508         0
   105/299     8.25G      2.07     0.565         0      2.63        10       512     0.922     0.491     0.706      0.64      3.41     0.533         0
   106/299     8.25G      2.11     0.645         0      2.75        13       512     0.966     0.494     0.704     0.654      3.72     0.515         0
   107/299     8.25G      2.37     0.726         0       3.1        22       512     0.968     0.544      0.72     0.696      3.85     0.529         0
   108/299     8.25G      1.95     0.689         0      2.64        23       512     0.933     0.607     0.713     0.736      3.69     0.496         0
   109/299     8.25G      2.06     0.592         0      2.65        13       512     0.938     0.627     0.718     0.752      3.51     0.495         0
   110/299     8.25G      1.74     0.576         0      2.32        17       512     0.962     0.609     0.737     0.746      3.57     0.487         0
   111/299     8.25G      2.06     0.646         0      2.71        18       512     0.944     0.601     0.727     0.735      3.64     0.468         0
   112/299     8.25G      2.46     0.692         0      3.15        20       512     0.926     0.521     0.677     0.667      3.72      0.48         0
   113/299     8.25G      1.89     0.621         0      2.52        16       512     0.949     0.559     0.684     0.703      3.81     0.455         0
   114/299     8.25G      1.98     0.569         0      2.55        12       512     0.965     0.496     0.714     0.655      3.56     0.521         0
   115/299     8.25G      1.78     0.612         0       2.4        18       512     0.954     0.493     0.667      0.65      3.76     0.513         0
   116/299     8.25G      2.19     0.619         0      2.81        16       512     0.937     0.637     0.727     0.758      3.43     0.444         0
   117/299     8.25G      2.12     0.593         0      2.71        16       512      0.93     0.635     0.742     0.754      3.39     0.443         0
   118/299     8.25G      2.26     0.608         0      2.87        21       512     0.923     0.573     0.734     0.707      3.47     0.459         0
   119/299     8.25G      1.96     0.644         0       2.6        18       512      0.95     0.563     0.745     0.707      3.27     0.485         0
   120/299     8.25G      1.94      0.68         0      2.62        13       512     0.945     0.577     0.729     0.717      3.26     0.492         0
   121/299     8.25G      1.79      0.58         0      2.37        13       512     0.949     0.559     0.726     0.704      3.23     0.511         0
   122/299     8.25G      1.66     0.586         0      2.24        14       512     0.914     0.567     0.722       0.7      3.34     0.507         0
   123/299     8.25G      2.12     0.503         0      2.62        14       512     0.913     0.563     0.731     0.697      3.35     0.503         0
   124/299     8.25G      1.83      0.56         0      2.39        22       512     0.932     0.574     0.761      0.71      3.34     0.514         0
   125/299     8.25G      2.03     0.642         0      2.67        26       512     0.933     0.581     0.746     0.716      3.32     0.502         0
   126/299     8.25G      1.96     0.703         0      2.66        20       512     0.935     0.597     0.743     0.728      3.35     0.473         0
   127/299     8.25G      1.81     0.581         0      2.39        13       512     0.927     0.607     0.745     0.733      3.34     0.465         0
   128/299     8.25G      1.77     0.534         0       2.3        18       512     0.927     0.604     0.729     0.731      3.35     0.473         0
   129/299     8.25G      1.94     0.589         0      2.53        14       512     0.934     0.594     0.722     0.726      3.41     0.478         0
   130/299     8.25G      1.88     0.643         0      2.52        20       512     0.924     0.581     0.711     0.714      3.41     0.491         0
   131/299     8.25G      1.75     0.601         0      2.35        20       512     0.925     0.584       0.7     0.716      3.43     0.488         0
   132/299     8.25G      1.67       0.6         0      2.28        21       512     0.912     0.595     0.717      0.72      3.35     0.479         0
   133/299     8.25G      1.84     0.599         0      2.44        17       512     0.902     0.602      0.71     0.722      3.36     0.466         0
   134/299     8.25G         2     0.543         0      2.55        15       512     0.895     0.601     0.711     0.719      3.46      0.46         0
   135/299     8.25G      2.03     0.622         0      2.65        24       512     0.896     0.612     0.711     0.727      3.49     0.453         0
   136/299     8.25G      1.98     0.461         0      2.44        18       512     0.927     0.601     0.705     0.729      3.61     0.459         0
   137/299     8.25G      2.01     0.603         0      2.62        17       512     0.911     0.608     0.693     0.729      3.57     0.475         0
   138/299     8.25G      2.16      0.58         0      2.74        20       512     0.875     0.637     0.703     0.737      3.48     0.464         0
   139/299     8.25G      2.05     0.516         0      2.56        14       512     0.857     0.637     0.715     0.731       3.3     0.441         0
   140/299     8.25G      1.95     0.585         0      2.53        13       512     0.951     0.649     0.742     0.771      3.38     0.439         0
   141/299     8.25G      1.97     0.492         0      2.46        16       512     0.965     0.637     0.742     0.767      3.26     0.467         0
   142/299     8.25G      1.79     0.563         0      2.35        20       512     0.977     0.583     0.729     0.731      3.33     0.483         0
   143/299     8.25G      1.72      0.57         0      2.29        17       512     0.971     0.605     0.713     0.745      3.23     0.469         0
   144/299     8.25G      1.71     0.482         0      2.19        17       512     0.925     0.588     0.696     0.719      3.57     0.471         0
   145/299     8.25G      1.85     0.528         0      2.38        10       512     0.917     0.589     0.704     0.717      3.47     0.469         0
   146/299     8.25G      1.83     0.594         0      2.42        22       512     0.972     0.614     0.733     0.753      3.37     0.465         0
   147/299     8.25G      2.21     0.476         0      2.68        13       512     0.981     0.605     0.743     0.748      3.42     0.481         0
   148/299     8.25G      1.66     0.553         0      2.21        10       512     0.972     0.619     0.758     0.757      3.33     0.469         0
   149/299     8.25G      1.51     0.613         0      2.13        20       512     0.963     0.621     0.754     0.755      3.31     0.463         0
   150/299     8.25G      1.74     0.593         0      2.33        13       512      0.98     0.589     0.762     0.736      3.29     0.448         0
   151/299     8.25G      1.58     0.514         0       2.1        16       512      0.99     0.597     0.769     0.745      3.23     0.454         0
   152/299     8.25G      1.96     0.568         0      2.53        17       512     0.972     0.625     0.749     0.761       3.3     0.445         0
   153/299     8.25G      1.55     0.543         0       2.1        12       512     0.982     0.639     0.752     0.774      3.21      0.46         0
   154/299     8.25G      1.75     0.501         0      2.25        14       512     0.964     0.643     0.741     0.771      3.24      0.47         0
   155/299     8.25G       1.9     0.574         0      2.47        25       512      0.96     0.637     0.746     0.766      3.18     0.481         0
   156/299     8.25G      1.73     0.531         0      2.26        16       512     0.972      0.62     0.751     0.757      3.26     0.486         0
   157/299     8.25G       2.3     0.536         0      2.84        15       512     0.972     0.625     0.727     0.761      3.17     0.473         0
   158/299     8.25G      1.67     0.603         0      2.28        16       512      0.97     0.631     0.736     0.765      3.31     0.457         0
   159/299     8.25G      1.76     0.551         0      2.31        12       512     0.965     0.655     0.741     0.781      3.33     0.459         0
   160/299     8.25G      1.86     0.515         0      2.37        25       512     0.974     0.658     0.759     0.785      3.21     0.461         0
   161/299     8.25G       1.6     0.495         0       2.1        14       512     0.973      0.65     0.753     0.779      3.17     0.475         0
   162/299     8.25G      1.47     0.566         0      2.04        16       512     0.981     0.623     0.745     0.762      3.07       0.5         0
   163/299     8.25G      1.84     0.564         0       2.4        19       512     0.981     0.624     0.733     0.763      3.18     0.488         0
   164/299     8.25G      1.76     0.564         0      2.33        25       512     0.964     0.635     0.716     0.766      3.19      0.47         0
   165/299     8.25G      1.72     0.535         0      2.25        11       512     0.955     0.639     0.714     0.766      3.39      0.46         0
   166/299     8.25G      1.59     0.613         0       2.2        16       512     0.939     0.636     0.711     0.758      3.34     0.466         0
   167/299     8.25G      1.78     0.477         0      2.26        18       512     0.948     0.653     0.722     0.773      3.36     0.478         0
   168/299     8.25G      1.53     0.549         0      2.08        23       512     0.944     0.643      0.74     0.765      3.31     0.484         0
   169/299     8.25G      1.59     0.571         0      2.16        20       512     0.945     0.655     0.737     0.774      3.24     0.473         0
   170/299     8.25G      1.67      0.56         0      2.23        15       512     0.948     0.652     0.734     0.773      3.24     0.473         0
   171/299     8.25G       1.6     0.508         0       2.1        12       512     0.947     0.633     0.733     0.759      3.33     0.481         0
   172/299     8.25G      1.73     0.544         0      2.28        17       512     0.947     0.642     0.717     0.765      3.39     0.482         0
   173/299     8.25G      1.42     0.549         0      1.97        19       512     0.931     0.645     0.709     0.762      3.46     0.473         0
   174/299     8.25G      1.59     0.472         0      2.06        17       512      0.94     0.649      0.72     0.767      3.51     0.469         0
   175/299     8.25G      1.24     0.479         0      1.72        14       512     0.915     0.643     0.701     0.756      3.52     0.466         0
   176/299     8.25G      1.56     0.521         0      2.08        15       512     0.931     0.644     0.739     0.762      3.33     0.474         0
   177/299     8.25G      1.56     0.582         0      2.15        21       512     0.957     0.669     0.758     0.788      3.19     0.472         0
   178/299     8.25G       1.6     0.509         0      2.11        12       512     0.954     0.667     0.768     0.785      3.11     0.466         0
   179/299     8.25G       1.7     0.456         0      2.16        10       512     0.949     0.667     0.765     0.784      3.07     0.475         0
   180/299     8.25G      1.83     0.475         0      2.31        18       512     0.949     0.661     0.764     0.779      3.09     0.472         0
   181/299     8.25G      1.37     0.514         0      1.88        24       512     0.948     0.657     0.762     0.776      3.12     0.467         0
   182/299     8.25G      1.51     0.489         0         2        13       512     0.949     0.659     0.766     0.778       3.2     0.456         0
   183/299     8.25G      1.66     0.471         0      2.13        14       512     0.949     0.666     0.767     0.783      3.22     0.451         0
   184/299     8.25G      1.63     0.447         0      2.08        10       512     0.942     0.671     0.766     0.784      3.19     0.455         0
   185/299     8.25G      1.26     0.485         0      1.75        23       512     0.943     0.667     0.753     0.781      3.18     0.455         0
   186/299     8.25G      1.44     0.429         0      1.87        17       512      0.95     0.683     0.757     0.795      3.22     0.451         0
   187/299     8.25G      1.67     0.508         0      2.18        19       512     0.942      0.69     0.758     0.797       3.3     0.454         0
   188/299     8.25G      1.69     0.502         0      2.19        17       512     0.942     0.672     0.766     0.784      3.17     0.463         0
   189/299     8.25G      1.45     0.527         0      1.98        16       512      0.94     0.654      0.75     0.772      3.17     0.471         0
   190/299     8.25G      1.48     0.517         0         2        16       512     0.949     0.665      0.73     0.782      3.33     0.475         0
   191/299     8.25G       1.3     0.508         0      1.81        18       512     0.934     0.679     0.746     0.787       3.3     0.476         0
   192/299     8.25G      1.74     0.441         0      2.18        14       512     0.942      0.69     0.752     0.797      3.26      0.47         0
   193/299     8.25G      1.54     0.522         0      2.07        17       512     0.942      0.69     0.765     0.797      3.23     0.477         0
   194/299     8.25G      1.71     0.472         0      2.19        17       512     0.955      0.69     0.789     0.802      3.21     0.472         0
   195/299     8.25G      1.44     0.509         0      1.95        16       512     0.951     0.689     0.778     0.799      3.19     0.455         0
   196/299     8.25G      1.27      0.43         0       1.7        13       512     0.961     0.679     0.759     0.795      3.19     0.439         0
   197/299     8.25G      1.62     0.525         0      2.15        21       512     0.951     0.696      0.76     0.804      3.15     0.434         0
   198/299     8.25G      1.52     0.518         0      2.04        24       512     0.935     0.696      0.76     0.798      3.18     0.428         0
   199/299     8.25G       1.6     0.477         0      2.08        22       512     0.943     0.695     0.763     0.801      3.24     0.421         0
   200/299     8.25G      1.47     0.472         0      1.95        20       512     0.952      0.69     0.775       0.8      3.18     0.425         0
   201/299     8.25G      1.28     0.405         0      1.69        13       512     0.963     0.673     0.746     0.792      3.22     0.437         0
   202/299     8.25G      1.57     0.492         0      2.06        17       512     0.961     0.661      0.74     0.783      3.22     0.453         0
   203/299     8.25G      1.34     0.395         0      1.74        14       512     0.956     0.643     0.752     0.769      3.18     0.463         0
   204/299     8.25G      1.53      0.48         0      2.01        19       512     0.956     0.652     0.745     0.775       3.2     0.467         0
   205/299     8.25G      1.32     0.424         0      1.75        16       512     0.957     0.664      0.75     0.784      3.16     0.456         0
   206/299     8.25G      1.32     0.435         0      1.75        12       512     0.949     0.671     0.761     0.786      3.21     0.439         0
   207/299     8.25G      1.28     0.378         0      1.66        17       512     0.949     0.669     0.766     0.785      3.21     0.435         0
   208/299     8.25G      1.26     0.427         0      1.68        16       512     0.958     0.682     0.783     0.797      3.17     0.436         0
   209/299     8.25G       1.4     0.478         0      1.88        21       512     0.955     0.679     0.781     0.793      3.13     0.441         0
   210/299     8.25G       1.8     0.462         0      2.27        12       512     0.942     0.673     0.778     0.785      3.19     0.446         0
   211/299     8.25G      1.59     0.498         0      2.08        16       512     0.956     0.673     0.775      0.79      3.15     0.449         0
   212/299     8.25G      1.44     0.425         0      1.86        14       512     0.949     0.649     0.757     0.771      3.23     0.448         0
   213/299     8.25G      1.25      0.38         0      1.63        16       512     0.943     0.649     0.745     0.769      3.33     0.447         0
   214/299     8.25G      1.57     0.464         0      2.03        18       512     0.937     0.613     0.716     0.741      3.37     0.472         0
   215/299     8.25G      1.57     0.421         0      1.99        19       512     0.955     0.589     0.701     0.729      3.38     0.485         0
   216/299     8.25G      1.33     0.475         0      1.81        20       512     0.934     0.595     0.699     0.727      3.33     0.507         0
   217/299     8.25G      1.43     0.412         0      1.84        11       512     0.934     0.592     0.702     0.724      3.32     0.509         0
   218/299     8.25G      1.52     0.466         0      1.98        19       512     0.935     0.602     0.693     0.733      3.35     0.517         0
   219/299     8.25G      1.54     0.415         0      1.95        17       512     0.945     0.607      0.69     0.739       3.4      0.51         0
   220/299     8.25G      1.44     0.382         0      1.82        23       512     0.946     0.622      0.72      0.75      3.34     0.488         0
   221/299     8.25G       1.5     0.431         0      1.93        16       512     0.955     0.636     0.732     0.764      3.29     0.483         0
   222/299     8.25G      1.31     0.501         0      1.81        21       512     0.951     0.643     0.742     0.767      3.26     0.479         0
   223/299     8.25G      1.38      0.49         0      1.87        14       512     0.946      0.63      0.73     0.757       3.3      0.48         0
   224/299     8.25G      1.58     0.418         0         2        15       512     0.947     0.643     0.726     0.766      3.31     0.484         0
   225/299     8.25G      1.14      0.41         0      1.55        16       512     0.935     0.643     0.724     0.762      3.27     0.485         0
   226/299     8.25G      1.36     0.346         0       1.7        14       512     0.928     0.643     0.713      0.76      3.31     0.481         0
   227/299     8.25G      1.35     0.464         0      1.82        24       512     0.953     0.655     0.729     0.776      3.28     0.476         0
   228/299     8.25G       1.4     0.422         0      1.82        21       512     0.957     0.661     0.733     0.782      3.29     0.468         0
   229/299     8.25G      1.53     0.429         0      1.96        19       512     0.957     0.667     0.741     0.786      3.23     0.465         0
   230/299     8.25G      1.33     0.487         0      1.82        19       512     0.949     0.666     0.746     0.783      3.14     0.464         0
   231/299     8.25G      1.53     0.411         0      1.94        14       512     0.951     0.661     0.747      0.78      3.11     0.467         0
   232/299     8.25G      1.23     0.432         0      1.66        15       512     0.949      0.66     0.734     0.778      3.09     0.468         0
   233/299     8.25G      1.56     0.441         0         2        13       512      0.95     0.661     0.742     0.779      3.11     0.472         0
   234/299     8.25G      1.27     0.435         0       1.7        22       512      0.94     0.655     0.738     0.772      3.14     0.477         0
   235/299     8.25G      1.37      0.44         0      1.81        12       512     0.951     0.661     0.744      0.78      3.12     0.481         0
   236/299     8.25G      1.11     0.397         0      1.51        20       512     0.948     0.655     0.748     0.775       3.1     0.484         0
   237/299     8.25G      1.04     0.464         0      1.51        16       512     0.949     0.649     0.733     0.771      3.12     0.488         0
   238/299     8.25G      1.22     0.425         0      1.64        16       512     0.945     0.649     0.726     0.769      3.18     0.488         0
   239/299     8.25G      1.16     0.405         0      1.56        14       512     0.946     0.649     0.722      0.77       3.2     0.488         0
   240/299     8.25G       1.3     0.472         0      1.78        22       512     0.949     0.637     0.722     0.762       3.3     0.486         0
   241/299     8.25G       1.3     0.442         0      1.74        13       512     0.939     0.631     0.727     0.755      3.31     0.481         0
   242/299     8.25G      1.24     0.357         0       1.6        16       512     0.931     0.637     0.728     0.756      3.28     0.481         0
   243/299     8.25G      1.23     0.429         0      1.66        21       512     0.931     0.641     0.727     0.759       3.3     0.482         0
   244/299     8.25G      1.18     0.403         0      1.58        18       512     0.931     0.639     0.727     0.758      3.29     0.482         0
   245/299     8.25G      1.41     0.428         0      1.84        16       512     0.945     0.649     0.743     0.769      3.26     0.482         0
   246/299     8.25G      1.37     0.379         0      1.74        12       512     0.948     0.643     0.735     0.766      3.24     0.479         0
   247/299     8.25G      1.19     0.382         0      1.57        16       512     0.942     0.649     0.745     0.768       3.2     0.475         0
   248/299     8.25G     0.994     0.349         0      1.34        12       512     0.941     0.659     0.744     0.775      3.18     0.466         0
   249/299     8.25G      1.33     0.386         0      1.72        13       512      0.94     0.657     0.736     0.774      3.15     0.462         0
   250/299     8.25G      1.27      0.41         0      1.68        14       512     0.945     0.643     0.735     0.765      3.14     0.461         0
   251/299     8.25G      1.11     0.367         0      1.48        13       512     0.956     0.641     0.739     0.767      3.15     0.458         0
   252/299     8.25G       1.2     0.389         0      1.59        23       512     0.956     0.649     0.738     0.773      3.17     0.454         0
   253/299     8.25G      1.29     0.395         0      1.68        17       512     0.956     0.653     0.736     0.776      3.19      0.45         0
   254/299     8.25G      1.17     0.376         0      1.55        12       512     0.957     0.656     0.734     0.778      3.19     0.451         0
   255/299     8.25G      1.32     0.425         0      1.75        13       512     0.948     0.661     0.735     0.779      3.21      0.45         0
   256/299     8.25G      1.12     0.369         0      1.49        16       512     0.946     0.661     0.737     0.778      3.22     0.447         0
   257/299     8.25G      1.19     0.415         0      1.61        25       512     0.946     0.661     0.732     0.778      3.23     0.447         0
   258/299     8.25G      1.43     0.394         0      1.82        19       512     0.949     0.662      0.74      0.78       3.2     0.448         0
   259/299     8.25G     0.953     0.373         0      1.33         9       512     0.949      0.66      0.74     0.778      3.18     0.451         0
   260/299     8.25G      1.19     0.417         0       1.6        22       512     0.949      0.66     0.743     0.778      3.13     0.457         0
   261/299     8.25G      1.23     0.382         0      1.61        13       512     0.949     0.659     0.737     0.778      3.15     0.459         0
   262/299     8.25G      1.41     0.385         0       1.8        19       512     0.939     0.661     0.736     0.776      3.21     0.462         0
   263/299     8.25G      1.17     0.377         0      1.55        13       512     0.938     0.661     0.734     0.775       3.2     0.463         0
   264/299     8.25G      1.18     0.382         0      1.56        17       512     0.938     0.661     0.732     0.775      3.26     0.464         0
   265/299     8.25G      1.19     0.396         0      1.58        18       512     0.941     0.659     0.726     0.775      3.28     0.465         0
   266/299     8.25G      1.33     0.358         0      1.69        17       512     0.945     0.655     0.733     0.773      3.27     0.467         0
   267/299     8.25G      1.22     0.376         0      1.59        23       512     0.947     0.655     0.732     0.774      3.23     0.468         0
   268/299     8.25G      1.24     0.351         0       1.6        12       512     0.948     0.652      0.73     0.772       3.2      0.47         0
   269/299     8.25G      1.15     0.431         0      1.58        16       512     0.943     0.649     0.724     0.769      3.19     0.471         0
   270/299     8.25G      1.43     0.408         0      1.84        16       512     0.936     0.649     0.746     0.767      3.13     0.472         0
   271/299     8.25G     0.938     0.393         0      1.33        14       512     0.932     0.654     0.747     0.769      3.11     0.469         0
   272/299     8.25G      1.08     0.314         0       1.4        16       512     0.933     0.658     0.741     0.772      3.12     0.469         0
   273/299     8.25G      1.11     0.413         0      1.53        21       512     0.941     0.661      0.74     0.776      3.14     0.471         0
   274/299     8.25G      1.23     0.366         0       1.6        16       512     0.949      0.66     0.738     0.779      3.18     0.473         0
   275/299     8.25G      1.17     0.387         0      1.56        14       512     0.949     0.664     0.737     0.781      3.21     0.474         0
   276/299     8.25G      1.12     0.341         0      1.46        11       512     0.954     0.661     0.734     0.781      3.22     0.478         0
   277/299     8.25G      1.06     0.333         0      1.39        14       512     0.956     0.661     0.734     0.781      3.23     0.479         0
   278/299     8.25G       1.3     0.361         0      1.66        20       512     0.954     0.661     0.734     0.781       3.2     0.479         0
   279/299     8.25G      1.41     0.392         0       1.8        16       512     0.957      0.66     0.735     0.781      3.18     0.479         0
   280/299     8.25G      1.15     0.402         0      1.56        12       512     0.957     0.655     0.735     0.777      3.16     0.477         0
   281/299     8.25G      1.28     0.345         0      1.62        18       512     0.957     0.659     0.736     0.781      3.14     0.476         0
   282/299     8.25G      1.18     0.364         0      1.54        17       512     0.957     0.662     0.738     0.783      3.13     0.476         0
   283/299     8.25G      1.19      0.36         0      1.55        21       512     0.957      0.67     0.739     0.789      3.14     0.476         0
   284/299     8.25G      1.13     0.369         0       1.5        22       512     0.957     0.673      0.74      0.79      3.15     0.478         0
   285/299     8.25G      1.19     0.365         0      1.56        17       512     0.958     0.673      0.74     0.791      3.15     0.478         0
   286/299     8.25G      1.37     0.393         0      1.76        20       512     0.957     0.669     0.741     0.788      3.16     0.478         0
   287/299     8.25G       1.2     0.412         0      1.62        29       512     0.957     0.666     0.741     0.786      3.17     0.481         0
   288/299     8.25G      1.23     0.349         0      1.58        13       512     0.957     0.673     0.741      0.79      3.18     0.481         0
   289/299     8.25G      1.18      0.34         0      1.52        20       512     0.958     0.672     0.741      0.79      3.18      0.48         0
   290/299     8.25G      1.22      0.36         0      1.58        15       512     0.958     0.678     0.743     0.794      3.16     0.479         0
   291/299     8.25G     0.992     0.343         0      1.33        16       512     0.958      0.68     0.743     0.795      3.16     0.478         0
   292/299     8.25G     0.989     0.308         0       1.3        15       512     0.958     0.681     0.742     0.796      3.17     0.478         0
   293/299     8.25G      1.29     0.385         0      1.67        13       512     0.958     0.676     0.741     0.792      3.19     0.482         0
   294/299     8.25G      1.14      0.32         0      1.46        18       512     0.958     0.674      0.74     0.791      3.17     0.481         0
   295/299     8.25G      1.51     0.326         0      1.84        15       512     0.957      0.67     0.739     0.788       3.2     0.485         0
   296/299     8.25G      1.31     0.452         0      1.76        24       512     0.957     0.665     0.738     0.785      3.22     0.488         0
   297/299     8.25G      1.12     0.354         0      1.47        13       512     0.957     0.663     0.736     0.783      3.23     0.491         0
   298/299     8.25G      1.16     0.389         0      1.55        19       512     0.957     0.665     0.735     0.785      3.26     0.492         0
   299/299     8.25G     0.911     0.299         0      1.21        11       512     0.957     0.665     0.736     0.785      3.27     0.491         0
